512
-49.25106042065
-48.76117748208
-33.43147067353
-41.67113723233
-1.43091552891
16.58434993587
22.42849878967
-32.67860542983
19.52982023358
17.96972318552
10.79046297818
45.25123960339
-46.16732508875
-25.91737667099
28.9060079027
49.46736609563
38.55340750888
-26.86387323774
35.78080823645
31.58808229491
-3.21449111216
39.36582459137
-12.67566927709
-35.26616739109
-43.79741810262
-2.64623882249
38.50141442381
36.35823284276
-16.1241477821
15.56901554577
31.97841159999
-39.98240577057
1.59073648974
-8.6392685771
-49.21682034619
25.54151625372
-23.94694080576
-32.15319230221
-4.17376081459
-6.01941645145
21.18713743985
44.19194348156
24.65871698223
19.47496132925
20.00332409516
9.70780765638
15.85199753754
16.25138991512
35.7255472336
-38.12694107182
-38.37128165178
16.6123108007
-10.08283887059
-22.36266047694
-36.62478472106
-47.09200123325
-14.84981747344
28.27579006553
-41.97135632858
34.27839390934
-4.16518738493
33.5559124127
37.01461134478
-19.48638642207
-20.49523605965
35.70827143267
-33.05388898589
-48.2665380463
32.94377033599
41.25895127654
16.37821188197
-34.73171913065
17.25694090128
44.10181366839
-16.62501287647
45.76047733426
4.15170835331
-20.67727432586
-41.16972098127
25.81568844616
-23.91571709886
42.19714417122
-31.41642273404
42.87780621089
-18.68538511917
0.244382862
-14.21541539021
-0.4508851096
-45.72998401709
-7.28998566046
-15.27526131831
36.50946468115
-48.57600382529
10.60084057972
9.74743869156
-5.19697563723
40.10565234348
33.63444120623
1.49786435068
40.47430763021
-41.95961598307
37.54609497264
37.70630285144
-9.55020496622
-29.37957858667
-42.38021154888
-12.75213193148
-44.6475150995
39.14708960801
2.55690785125
47.30718755163
-34.34843239374
47.22638628446
-34.63263912126
29.66162292287
-44.98862791806
-9.30179790594
36.56651391648
8.1305923406
-5.20044048317
-23.11160005629
-37.86360723898
49.11144026555
-11.21412357315
-39.95388345793
-19.29814233445
-10.24306835607
-2.78648687527
-48.85800848715
-43.64450220019
24.35908736661
-35.33003684133
-15.52440878004
-40.18844855018
34.01479036547
-25.24047330953
26.77644616924
-26.31771499291
-22.21471960656
-25.00580642372
-21.27699316479
3.18422834389
-3.13072600402
6.1759985052
24.04174893163
14.89289752208
-9.93006899953
-14.23599384725
42.30419714004
34.93395778351
38.57746133581
-42.25250724703
-13.23677361943
-27.67149037682
-21.8117794022
-9.91148492321
5.92365618795
21.66664097458
33.56074979529
47.01571576297
34.6776727587
-2.03579212539
-35.94212359749
-21.59555200487
-24.79970031418
-10.38039866835
-49.54281165265
-32.30498246849
-43.74621384777
-0.49842335284
-39.12982908078
45.7629752811
-48.75065404922
1.67549420148
-3.60967791639
-35.76318081468
-39.63614301756
11.91656631418
-10.87657818571
-19.06852349639
10.45112712309
46.87423831783
1.60416439176
-0.50451965071
-18.33631736226
-7.82895334996
30.94624057412
1.58680789173
46.76262801513
-7.37697179429
-27.01285067014
-0.90910037979
-3.02339373156
-32.29124778882
-2.33218735084
28.77842187881
14.91696503945
28.23244817555
-1.96294062771
11.29753571004
-14.28609560244
39.40047402866
48.51093040779
15.69941760972
-44.37711713836
41.28085244447
29.10646274686
10.97762323916
37.82366560772
9.37571069226
5.37722054869
39.49956269935
-18.29929929227
42.10603912361
-25.59679495171
30.6106670294
13.65818190388
-27.08574100398
-27.32503563166
21.10360362567
-4.91776941344
-47.1584727522
-49.78380859829
5.41453328915
15.84658203647
3.40573480353
-28.6943808198
35.3512102738
-16.80644052103
-38.46088722348
34.06220246106
-14.6849565208
-8.04481413215
10.16074451618
36.33640548214
26.34252659045
39.2347432673
-36.99488472193
10.79321959987
0.71827089414
34.12909698673
3.34818144329
-33.42840676196
-6.77418527193
2.93630333617
-2.79670674354
40.79358824529
39.26629344933
45.73224680498
47.16313844547
25.13639298268
14.39666105434
19.72329546697
33.11711158603
-14.65576635674
-33.64221900702
-37.05804045312
-33.47954689525
-8.08712374419
-40.43652359396
32.93297924101
-18.62555136904
-25.05840929225
13.2671056781
-20.25956218131
5.85707444698
-41.19405066594
-39.56706156023
31.08251686208
49.17737604119
-4.0562403854
-10.50664065406
15.99180898629
-22.22263324074
16.33044364862
30.04136919044
38.64077855833
-19.42118834704
-37.46117386036
-5.24956723675
-44.38263168558
-30.95539412461
16.7936922051
-5.40571482852
12.68538325094
-35.56127827615
-26.04498500004
1.72807630152
-47.11732887663
1.03100617416
29.07834276557
-24.0588540677
-23.73342644423
43.44122335315
15.66320233978
35.07252838463
5.07565159351
9.83726684935
-4.36445726082
45.01675879583
16.53099912219
-25.30996534042
11.51846060529
-0.65209688619
-27.88719637319
-10.07617614232
27.48372899368
-9.30185485631
-21.55475663021
-37.26879861206
-9.70355616882
10.10349881835
-25.19522137009
-45.5806539394
-6.69469744898
45.54678383283
4.34377058409
-32.28129963391
33.4959750995
8.85959859006
-28.72422412038
23.2829907909
-33.09050900862
26.45608852617
-20.15470825136
5.39843509905
5.43777989224
21.0661008954
48.60575175844
27.86949672736
-3.56009565294
21.15907780826
49.97593248263
10.99158818834
37.72694673389
16.03762358427
6.6505658906
43.64462532103
-34.32003040798
-30.43165868148
8.61520101316
10.20840853453
-37.81456951983
-10.01543565653
9.63547262363
-6.98984805495
-37.71167262457
12.56486913189
12.49124277383
-13.42585259117
-4.92824376561
46.75505631603
8.08322774246
-46.48136375472
-3.42872878537
29.06662421301
0.61818379909
42.92866303585
28.45944543369
-8.88269231655
-46.57103181817
27.08801981062
18.16303734668
-39.65459614992
24.57405431196
14.72334112041
-9.8909960594
41.49104203098
10.22921372205
38.57518252917
4.5119269751
10.75819972903
20.50817622803
-11.88181387261
10.10718746111
13.92349125817
-20.98677367903
25.67669106647
-5.57647077367
33.31432980485
-43.69823597372
-31.13006576896
-14.14837110788
36.2820092123
32.7098746784
45.22698670626
16.26860606484
-4.72651827149
22.31544684619
2.53829993308
16.36718176305
21.60734822974
19.80222626589
-20.30061772093
19.39265667461
-1.91603656858
18.11988563277
29.63066031225
11.86045217328
14.21157335863
-22.575840028
-26.29364747554
-39.73103375174
-12.73275315762
22.57831646129
-18.09154753573
46.27014016733
21.10347012058
-14.95047803037
43.51091459394
-24.712323118
-1.79094411433
37.59146123193
-27.48674144968
28.32668512128
-10.08160966448
15.57608889416
-4.45329328068
3.52950361557
-30.19539210945
35.92033209279
-26.09249320813
19.3213163875
43.47848598845
36.81994555518
-48.06384830736
44.52185691334
-30.87682067417
-18.48277198151
-49.13719431497
44.61431633681
7.37052904442
-10.54643164389
22.090859944
-18.2338102255
13.6853994336
-30.97127289511
44.37566837296
36.33283665404
36.22260303237
25.24820989929
32.34562105499
37.77806432918
11.72573054209
25.3347883001
-35.93835523352
42.42050438188
4.1939791292
49.32740903459
13.42313010246
33.94640744664
4.02663182467
46.32275500335
16.01051255129
10.41708691046
-13.36767598987
38.36871893145
49.55343753099
-49.04356431216
-21.73571325839
45.61593965627
-22.1450001467
-20.77759997919
7.73267955519
30.4301507771
-20.95714895986
30.00909392722
29.97387032956
-45.80111331306
29.65213409625
-30.64097599126
-28.93953793682
22.12779219262
28.12877581455
43.07148316875
-8.81296969019
-9.80764357373
-26.97485890239
-34.79012958705
-15.70299202576
0.81819510087
12.72112210281
17.85521139391
41.36960492469
-28.97279602475
2.13552946225
-14.55326462165
4.81715374626
-29.1076766327
-45.66646306776
-5.24018611759
-2.88526075892
-41.14004047588
47.28620760143
24.35433804058
14.53490769491
41.83887797408
-3.21447076276
23.82376338355
-21.86652934179
-27.54534468986
40.49185672775
11.43024652265
-39.20011944138
-42.60422233492
41.10584994778
35.22925828584
26.8393218983
-14.27506282926
-25.05457093939
-28.66087891161
6.83789514005
