512
-119466.669640833
-115937.132102569
-37365.1255432679
-72361.2496574602
-2.92982709182033
4561.37059839239
11282.3772598247
-34897.1968934766
7448.94447888427
5802.62040958786
1256.37775139235
92659.8178298463
-98402.048028675
-17408.9718006609
24152.6257108864
121047.649440998
57304.4444402612
-19386.7892185687
45808.9607553974
31518.8078321279
-33.2151859349613
61003.9644007631
-2036.63263329548
-43860.6227523143
-84012.8132302916
-18.530498803928
57072.9148201487
48062.7149880675
-4192.08721834824
3773.83976961326
32701.7251667733
-63915.5848401187
4.02526734686431
-644.808756585529
-119217.677772752
16662.4947588499
-13732.5162629996
-33240.8632641077
-72.7080792776811
-218.103770051139
9510.79567310135
86303.6779961548
14993.7901484159
7386.34879634374
8003.98957720525
914.87864156373
3983.38229386383
4292.11679256518
45597.0419979349
-55423.7477687287
-56496.1582041149
4584.48064206798
-1025.05809799482
-11183.3112035948
-49127.5653262615
-104433.886407463
-3274.63837284424
22607.0682642237
-73936.5210452933
40277.3969772145
-72.2609443893719
37783.9324731393
50713.0324936758
-7399.35615022934
-8609.12025784597
45530.9259026544
-36113.3429716547
-112444.560035901
35753.6105256301
70235.1565106923
4393.38694930735
-41896.605831334
5139.1516742595
85776.7031564573
-4595.00481744004
95823.4135890236
71.5616776845946
-8840.5618878605
-69780.4508384058
17204.8596260235
-13678.870007852
75136.1917101219
-31007.745887315
78831.1153678425
-6523.88294651102
0.0145952735712009
-2872.62320472834
-0.0916637623910671
-95631.9802450733
-387.418202818654
-3564.2318417783
48664.9627742648
-114621.30592576
1191.29936508167
926.129113721266
-140.362806354049
64508.4719181615
38049.8238420363
3.36060488184039
66303.779456287
-73874.4932060172
52929.0772977467
53609.5120324233
-871.039956498666
-25359.2664154154
-76118.3491439266
-2073.71176519463
-89000.3835914486
59992.704399961
16.7164952837191
105872.066243212
-40524.7891665382
105330.499865304
-41539.0693654039
26096.6480620658
-91055.9320595173
-804.823592845859
48893.4492290246
537.485261190076
-140.643735021632
-12344.9700447701
-54283.2647622683
118453.531199845
-1410.24968823582
-63778.8957082406
-7186.98131427977
-1074.70733461216
-21.6357027169282
-116629.196023856
-83135.9058378672
14453.8332206228
-44099.3583941718
-3741.49534692355
-64908.821275938
39355.3153036863
-16080.2384172628
19198.1246812662
-18228.2316163719
-10962.8256658904
-15635.8895732625
-9632.31689781728
32.285878754488
-30.6856397160317
235.57084872768
13896.267720701
3303.22079117277
-979.167068217096
-2885.11663544045
75709.4989376489
42632.7525316589
57411.7696896632
-75432.3181997572
-2319.24390712119
-21188.3750740829
-10377.0352054713
-973.679831019133
207.859334135523
10171.2601133171
37800.2754965236
103927.183189998
41701.3228593828
-8.43723781456101
-46431.3381183943
-10071.4715121345
-15252.4390503818
-1118.51573979585
-121602.345010568
-33713.8638843182
-83718.4954603995
-0.123821239435146
-59913.3843880002
95839.106707201
-115862.085104111
4.70358273448407
-47.0332898460059
-45741.290725134
-62269.3253410099
1692.20666940632
-1286.69868849512
-6933.47891010514
1141.53541880638
102991.805399312
4.12806584329825
-0.128420471220312
-6165.04642264157
-479.85620584368
29636.2801968751
3.99551766490001
102257.86719118
-401.452686775476
-19711.1177940359
-0.751338282218325
-27.6365689548164
-33670.88113878
-12.6849951810721
23834.2189485965
3319.26109532923
22503.2693695319
-7.56347701773368
1441.95321029544
-2915.68536049515
61165.1916159519
114161.275539918
3869.46235583476
-87393.1226605476
70347.0630363226
24658.592802543
1322.89374835165
54111.6586249743
824.162013141574
155.479648014179
61627.8281276434
-6127.78304691998
74650.5770157421
-16770.9154075404
28682.5909856711
2547.87828524319
-19871.1116791318
-20402.4447669672
9398.74493262168
-118.933578016006
-104876.743928113
-123385.565190991
158.738796911707
3979.30117243299
39.503218632336
-23626.0203308293
44178.6926864548
-4747.08740884136
-56892.8768941473
39520.113028535
-3166.78074044093
-520.652602727879
1049.00267228378
47976.2047991427
18279.8354204645
60396.5936790577
-50631.9944572664
1257.34089162675
0.370565347380117
39753.4104367764
37.5341819727943
-37354.8532208403
-310.864558282971
25.316447027194
-21.8746336748638
67885.2972415923
60542.4126202827
95646.1769870468
104907.875415408
15882.1346082792
2983.90739026431
7672.5272982871
36320.9629549945
-3147.93385626577
-38076.2264561599
-50891.7462615404
-37526.5565431409
-528.910593324578
-66118.2627735921
35718.4875657685
-6461.41170186428
-15734.7734956471
2335.22410785736
-8315.53445648978
200.928819478271
-69904.2364617386
-61944.3066241033
30029.5299152617
118931.270157561
-66.737672157867
-1159.82278571921
4089.71252137103
-10974.5458274479
4355.05806851094
27111.8509118802
57694.9238928753
-7325.33347704848
-52570.7467551405
-144.667343838408
-87425.7065747073
-29662.5862131221
4736.29306898043
-157.964462465665
2041.31853054983
-44970.9529830448
-17667.3875158328
5.16046388753498
-104602.48109579
1.09593247979177
24587.1932486046
-13925.9494265369
-13368.458377689
81979.665304534
3842.74596096386
43142.0945335317
130.760149933705
951.970207642573
-83.1363081870409
91226.8476051012
4517.49112964319
-16213.4206827159
1528.21100883126
-0.277291386482493
-21687.7533056459
-1023.02736887104
20759.9819916197
-804.838375562862
-10014.5023107315
-51764.9953701711
-913.677167826191
1031.3721143469
-15993.9058628257
-94698.184919196
-300.049470457696
94487.2365533834
81.9597528039674
-33639.771164934
37581.8257942587
695.411928723591
-23699.8130355318
12621.6548294864
-36233.504668784
18517.2677111317
-8187.0896831011
157.327142133484
160.792161485335
9348.7270411182
114832.017093746
21646.4846928862
-45.1216528990185
9473.05822810317
124819.580492593
1327.9488468052
53697.6125147017
4124.96291161331
294.154706679988
83136.6094173047
-40424.3450173441
-28182.328500177
639.434765939119
1063.83463591768
-54072.6286127554
-1004.63784842147
894.579754859057
-341.509827333125
-53632.4189652093
1983.69047870323
1949.02292539911
-2420.0571590203
-119.69514730858
102208.203144917
528.14654762976
-100423.784779152
-40.3087564874468
24557.4793595159
0.23623968648918
79111.9499729854
23050.4442133737
-700.864168139859
-101006.094854834
19876.1275542103
5991.91201822371
-62356.3367699754
14839.8817854012
3191.6783868731
-967.65397842253
71427.1014033756
1070.35232717006
57401.5961902154
91.8514858458928
1245.14178745609
8625.43729135376
-1677.4447887338
1032.50214438059
2699.25826263155
-9243.51259598362
16928.4489237365
-173.411658251978
36973.7280486393
-83443.3471779101
-30167.5551029436
-2832.17006507033
47761.063398537
34997.4692512216
92510.9115358081
4305.77199998197
-105.590299883779
11112.6276527895
16.354181563397
4384.51657582782
10087.9846695712
7765.01065025141
-8366.19069309254
7293.09593617437
-7.03414603960169
5949.3066766235
26015.0095232268
1668.41367081289
2870.29466360866
-11506.1957191495
-18178.2682507878
-62717.6236916934
-2064.2721780258
11509.9826150331
-5921.4375433551
99060.940143862
9398.56655943399
-3341.68290819723
82374.8499687002
-15091.7888878227
-5.74441889757533
53121.1689174487
-20766.8091642362
22729.3630162729
-1024.68324699567
3778.98572365535
-88.3169153977785
43.9684234189959
-27531.0021820891
46346.9361444647
-17764.2443068634
7212.90374231251
82190.8057272522
49917.1091337747
-111033.906792072
88251.0352446084
-29437.2832372212
-6313.95259955851
-118639.980108208
88801.9958798346
400.401767347042
-1173.05027709145
10780.4742537269
-6062.22835090501
2563.14061752042
-29708.2564808248
87384.5636548898
47962.0700483648
47526.8432481867
16095.0294644804
33841.2567424276
53916.1788628542
1612.20301708923
16261.1718272748
-46416.7353220122
76335.6633599812
73.7698320601555
120023.120284674
2418.58524303371
39118.4338315222
65.2868575219135
99399.257952232
4104.07894521176
1130.41747492508
-2388.73367108326
56484.8392558728
121680.605135622
-117963.072807013
-10268.8471252171
94918.283612172
-10859.9309144505
-8969.869863633
462.370417103748
28178.139361029
-9204.42367654459
27024.5610472022
26929.5113203427
-96078.9181603255
26071.6109262123
-28767.8750414534
-24236.7720360824
10834.6341863753
22256.2758410127
79904.1766721245
-684.489561426209
-943.395984581707
-19628.0676016938
-42108.3417755169
-3872.10593496501
0.547735165440954
2058.62035936711
5692.39448155425
70801.7708855711
-24320.4287352072
9.73905239485735
-3082.34522594036
111.781909203553
-24661.6780931117
-95234.0225193489
-143.893155571561
-24.0190157790021
-69629.6390604343
105731.27120486
14445.3806153775
3070.69607790279
73238.6090547659
-33.2145551307666
13521.6939258189
-10455.373978073
-20899.9204899791
66390.0620495511
1493.36782986481
-60236.8386168842
-77331.7658520663
69456.1805906275
43723.0549831019
19333.6840569245
-2908.93545625923
-15727.5440229248
-23543.3637648067
319.718163496179
